0.392699	0.392699	0.392699	0.392699	0.392699	0.392699	0.392699	0.392699	0.392699	0.392699	0.392699	0.392699	0.392699	0.392699	0.392699	0.392699	0.392699	0.392699	0.392699	0.392699	0.392699	0.392699	0.392699	0.392699	0.392699	0.392699	0.392699	0.392699	0.392699	0.392699	0.392699	0.392699	0	0	0	0	0	0	0	0	0	0	0	0	0	0	0	0	0	0	0	0	0	0	0	0	0	0	0	0	0	0	0	0	0	0	0	
-121.077	-271.381	10.7779	42.2535	8.74992e-18	33.4703	63.0345	-73.6522	-113.795	-109.103	-98.01	32.4542	3.79347e-14	-43.4416	56.3832	186.714	0.785398	0.725613	0.55536	0.300559	4.80918e-17	-0.300559	-0.55536	-0.725613	-0.785398	-0.725613	-0.55536	-0.300559	-1.44275e-16	0.300559	0.55536	0.725613	0.392699	0.362807	0.27768	0.150279	2.40459e-17	-0.150279	-0.27768	-0.362807	-0.392699	-0.362807	-0.27768	-0.150279	-7.21377e-17	0.150279	0.27768	0.362807	0.392699	0.343757	0.235619	0.116504	1.80344e-17	-0.116504	-0.235619	-0.343757	-0.392699	-0.343757	-0.235619	-0.116504	-5.41032e-17	0.116504	0.235619	0.343757	0	0	0	
-0	-112.41	10.7779	102.009	0.142897	-80.8044	-63.0345	30.5077	1.39358e-14	-45.192	-98.01	78.3513	206.507	104.877	-56.3832	-77.3393	0	0.225419	0.41652	0.54421	0.589049	0.54421	0.41652	0.225419	7.21377e-17	-0.225419	-0.41652	-0.54421	-0.589049	-0.54421	-0.41652	-0.225419	0	0.150279	0.27768	0.362807	0.392699	0.362807	0.27768	0.150279	4.80918e-17	-0.150279	-0.27768	-0.362807	-0.392699	-0.362807	-0.27768	-0.150279	0	0.189852	0.314159	0.375019	0.392699	0.375019	0.314159	0.189852	6.41224e-17	-0.189852	-0.314159	-0.375019	-0.392699	-0.375019	-0.314159	-0.189852	0	0	0	
0	21752.8	10362.7	23231.8	8523.98	18768.5	23829.1	1599.01	15.714	1057.58	5702.26	18299.2	37277.9	9995.45	21729.1	67552.9	8633.22	8624.04	8597.93	8558.89	8512.91	8466.99	8428.12	8402.17	8393.07	8402.17	8428.12	8466.99	8512.91	8558.89	8597.93	8624.04	0	-95.4459	50.9137	83.363	0.070943	-70.1701	-93.3178	-13.9724	-1.98442	2.6161	25.5182	-68.6554	-113.725	-33.6497	87.9693	177.88	60.4893	52.9745	36.3795	18.1206	0.292085	-17.5026	-35.6656	-52.1354	-59.5855	-52.1354	-35.6656	-17.5026	0.292085	18.1206	36.3795	52.9745	1	-308.321	-0	
21752.8	0	63285.6	100891	57769.7	63457.1	78179.2	38816.2	23524	19090.6	18673.4	88961.2	123774	67267.4	75388.7	151603	58159.5	58172.7	58136.9	58057.8	57947.4	57822.5	57702.1	57604.6	57544.7	57531.5	57567.1	57646.1	57756.4	57881.3	58001.8	58099.5	78.8755	0	161.701	187.296	63.6421	-49.8857	-116.321	-70.6443	-83.974	-92.3511	-69.6239	-170.434	-189.488	-64.9925	110.542	247.473	154.204	165.811	143.581	106.771	64.0077	15.5445	-40.9056	-103.319	-153.208	-164.849	-142.734	-106.032	-63.3267	-14.8558	41.6744	104.22	1	-691.065	-286.249	
10362.7	63285.6	0	5123.62	85.3933	4933.63	4513.95	4106.84	9136.86	10314.5	14328.4	2649.69	24206.9	6712.29	3565.13	24340.8	79.2822	77.776	77.5489	78.6517	80.9392	84.0788	87.5919	90.9268	93.5529	95.055	95.2057	93.9991	91.6412	88.5058	85.0691	81.8379	-66.562	-173.661	0	45.4535	-3.53423	-44.3204	-42.187	40.1112	62.1342	66.4301	79.2677	-32.04	-104.629	-52.4173	37.0504	104.716	-3.27803	-4.55092	-4.72019	-4.22211	-3.34981	-2.14114	-0.493707	1.65364	3.86032	5.14624	5.26953	4.70922	3.78655	2.55696	0.932713	-1.14543	1	27.4457	27.4457	
23231.8	100891	5123.62	0	6854.86	20935.3	16925.2	11005	21683.3	28417.2	38876.6	277.807	7280.42	4015.46	15368.5	34291.9	6924.49	6899.01	6883.66	6880.8	6890.87	6912.37	6942.01	6975.27	7007.05	7032.51	7047.76	7050.51	7040.37	7018.89	6989.34	6956.2	-86.8639	-218.91	-40.9403	0	-49.1463	-87.8404	-68.3504	40.3243	82.6688	106.022	132.675	9.53957	-51.1877	-16.6147	63.083	110.673	-20.2492	-41.7679	-51.8806	-53.3677	-49.506	-41.1452	-27.1495	-5.66012	21.0348	42.5555	52.6238	54.0605	50.1615	41.7876	27.8146	6.38597	1	107.598	259.764	
8523.98	57769.7	85.3933	6854.86	0	4145.5	4398.13	3408.52	7448	8063.15	11446.2	3900.7	27046.6	7374.84	3435.43	25829.4	0.0458072	0.0335246	0.0176795	0.00622336	0.00257376	0.00622336	0.0176795	0.0335246	0.0458072	0.048883	0.0438693	0.0368706	0.0337995	0.0368706	0.0438693	0.048883	-60.1104	-166.125	5.03173	53.2065	0	-40.6552	-42.2564	36.7731	55.933	58.3017	70.3301	-39.5499	-111.147	-55.5951	36.9719	108.395	0.0755894	0.0601888	0.0419692	0.027982	0.0222826	0.027982	0.0419692	0.0601888	0.0755894	0.0795097	0.0743573	0.0680304	0.065391	0.0680304	0.0743573	0.0795097	1	2.22815e-17	0.363884	
18768.5	63457.1	4933.63	20935.3	4145.5	0	530.496	14505.4	17286.5	12980.6	10362.3	15423.2	55933.5	25545.7	504.689	14215.7	4158.87	4183.04	4208.28	4230.79	4247.16	4254.89	4252.81	4241.19	4221.79	4197.57	4172.21	4149.61	4133.23	4125.56	4127.75	4139.46	-81.0532	-167.541	23.1412	91.4076	37.5702	0	-3.25226	73.2108	76.7185	60.4487	52.8471	-75.9629	-162.285	-107.825	-0.419424	72.2281	-15.3523	4.93905	21.2633	31.9099	38.2933	41.2686	40.1787	32.5099	16.1089	-4.2408	-20.6229	-31.2902	-37.6596	-40.5984	-39.4602	-31.75	1	85.2314	-205.767	
23829.1	78179.2	4513.95	16925.2	4398.13	530.496	0	16592.7	22115.8	18438.9	16639.9	12516.4	50950.7	24925.9	28.5077	9038.79	4308.97	4330.51	4357.79	4386.69	4412.82	4432.21	4441.9	4440.38	4427.85	4406.23	4378.81	4349.81	4323.66	4304.35	4294.79	4296.43	-98.3121	-189.212	7.21332	75.1804	29.9136	-1.99024	0	83.4425	94.1898	79.6539	72.2137	-60.5991	-151.488	-104.796	-2.75457	59.601	-29.3192	-11.2895	6.25716	19.8587	30.0218	37.5289	41.9771	40.7873	30.1223	12.0068	-5.63093	-19.2718	-29.4194	-36.8706	-41.2404	-39.9828	1	160.516	-160.516	
1599.01	38816.2	4106.84	11005	3408.52	14505.4	16592.7	0	1231.22	3812	10048.7	7823.15	22793.8	3476.28	14827.5	52948.4	3489.93	3476.6	3454.88	3428.12	3400.41	3375.98	3358.54	3350.71	3353.64	3366.89	3388.45	3415.08	3442.75	3467.26	3484.85	3492.82	-20.6171	-131.021	21.4496	55.8495	-14.0162	-74.3834	-83.8118	0	16.8669	28.9027	54.1634	-41.8372	-93.5617	-26.4885	79.1349	158.775	34.4887	23.376	9.46819	-3.0882	-13.8338	-23.2796	-31.3793	-36.2445	-33.6554	-22.6295	-8.83764	3.65053	14.3925	23.8924	32.088	37.0527	1	-187.554	77.6873	
15.714	23524	9136.86	21683.3	7448	17286.5	22115.8	1231.22	0	978.035	5548.33	16830.1	36079.8	9320.36	19955.8	65054.3	7550.2	7541.66	7517.36	7481.03	7438.24	7395.52	7359.35	7335.21	7326.74	7335.21	7359.35	7395.52	7438.24	7481.03	7517.36	7541.66	-1.98442	-100.505	47.7368	81.5632	0.0702376	-68.2501	-90.344	-10.6775	0	5.33814	28.0222	-66.7406	-113.476	-34.8995	84.4993	175.253	56.3125	49.318	33.8724	16.8796	0.289177	-16.2676	-33.1651	-48.4862	-55.4164	-48.4862	-33.1651	-16.2676	0.289177	16.8796	33.8724	49.318	1	-289.775	3.54872e-14	
1057.58	19090.6	10314.5	28417.2	8063.15	12980.6	18438.9	3812	978.035	0	1430.83	22156.2	49844.9	16423.5	16837.1	59521.7	8171.08	8175.67	8163.09	8135.31	8096.57	8052.8	8010.66	7976.52	7955.55	7950.92	7963.34	7990.97	8029.62	8073.42	8115.72	8150.02	-5.0269	-92.3511	62.4953	104.806	22.3713	-44.7697	-70.3019	-1.77169	1.93234	0	12.5567	-89.6638	-140.948	-59.088	65.0214	162.157	54.3245	58.3853	50.5604	37.6255	22.617	5.62875	-14.1386	-35.9811	-53.442	-57.5306	-49.8101	-36.9747	-22.0214	-5.02834	14.8108	36.7741	1	-277.829	-115.081	
5702.26	18673.4	14328.4	38876.6	11446.2	10362.3	16639.9	10048.7	5548.33	1430.83	0	30477.5	69747.4	28043.2	15588.5	54359.3	11519	11540	11542.5	11526.4	11494	11450.4	11402	11356.4	11320.4	11299.5	11296.8	11312.8	11345.1	11388.7	11437.2	11482.9	-11.1079	-86.8815	79.2677	131.492	49.7671	-17.301	-46.4438	13.367	7.60751	-4.24053	0	-114.347	-175.12	-89.7366	41.3519	143.815	50.0831	67.8992	69.907	62.4998	49.9757	33.0022	10.2672	-19.0755	-49.2248	-67.0423	-69.1235	-61.7987	-49.3319	-32.3725	-9.59419	19.8451	1	-249.58	-249.58	
18299.2	88961.2	2649.69	277.807	3900.7	15423.2	12516.4	7823.15	16830.1	22156.2	30477.5	0	10171.6	3500.94	11083.4	30818.7	3886.97	3868.25	3856.95	3854.83	3862.23	3878.04	3899.84	3924.3	3947.66	3966.37	3977.58	3979.59	3972.13	3956.34	3934.63	3910.28	-80.3773	-206.09	-28.5899	9.53957	-36.5296	-76.3657	-61.9635	39.328	76.0453	94.8574	116.547	0	-63.6788	-24.9107	56.6169	109.877	-14.7971	-30.6138	-38.0514	-39.15	-36.3159	-30.1724	-19.8827	-4.08005	15.5498	31.3701	38.7667	39.8172	36.9467	30.7891	20.5198	4.77464	1	82.6438	199.52	
37277.9	123774	24206.9	7280.42	27046.6	55933.5	50950.7	22793.8	36079.8	49844.9	69747.4	10171.6	0	6887.84	47996.5	78955.7	27070.8	27006.9	26952.8	26916.6	26903.8	26916.6	26952.8	27006.9	27070.8	27134.5	27188.6	27224.7	27237.4	27224.7	27188.6	27134.5	-66.678	-221.484	-69.9099	-39.3706	-111.147	-157.167	-132.169	0.368803	62.5301	110.384	163.684	52.6604	0	37.2928	126.707	162.211	0.422816	-53.3373	-88.5524	-105.798	-110.808	-105.798	-88.5524	-53.3373	0.422816	54.1559	89.323	106.536	111.536	106.536	89.323	54.1559	1	9.65999e-14	525.865	
9995.45	67267.4	6712.29	4015.46	7374.84	25545.7	24925.9	3476.28	9320.36	16423.5	28043.2	3500.94	6887.84	0	22249.6	57981.6	7441.83	7409.01	7374.66	7344.05	7321.85	7311.44	7314.4	7330.25	7356.56	7389.31	7423.54	7454.06	7476.24	7486.72	7483.87	7468.12	-38.8844	-168.175	-13.7264	14.1303	-51.3529	-107.825	-103.803	-0.254519	35.0899	61.4689	98.0807	-2.11059	-49.05	0	97.0348	160.451	21.7128	-5.85581	-28.0483	-42.5024	-51.1374	-55.1261	-53.591	-43.1476	-20.9237	6.58494	28.7164	43.1474	51.7955	55.8216	54.3371	43.9384	1	-110.623	267.068	
21729.1	75388.7	3565.13	15368.5	3435.43	504.689	28.5077	14827.5	19955.8	16837.1	15588.5	11083.4	47996.5	22249.6	0	10138.7	3371.23	3390.13	3414.06	3439.42	3462.35	3479.38	3487.89	3486.56	3475.56	3456.58	3432.51	3407.05	3384.1	3367.15	3358.78	3360.22	-94.4109	-186.543	7.08236	72.8753	26.1762	-5.42458	-2.75457	79.1342	89.7606	77.3443	71.8813	-58.196	-147.546	-98.3863	0	63.7994	-25.6899	-9.871	5.52397	17.4595	26.3802	32.9721	36.8803	35.8396	26.479	10.5751	-4.90957	-16.8834	-25.7883	-32.3246	-36.1554	-35.0482	1	143.579	-143.579	
67552.9	151603	24340.8	34291.9	25829.4	14215.7	9038.79	52948.4	65054.3	59521.7	54359.3	30818.7	78955.7	57981.6	10138.7	0	25637.3	25676.4	25739.9	25818.4	25899.8	25971.8	26023.4	26046.7	26038.1	25999	25935.3	25856.7	25775.3	25703.4	25651.9	25628.8	-174.386	-263.682	-33.1316	60.4653	41.5465	28.552	48.566	158.775	171.419	148.187	121.723	-46.1082	-163.782	-145.709	-53.142	0	-99.721	-67.2156	-26.551	10.2347	41.8254	69.7109	93.7231	108.232	100.671	68.0723	27.2802	-9.58223	-41.1795	-69.008	-92.9157	-107.314	1	475.462	-196.943	
0	78.8755	-66.562	-86.8639	-60.1104	-81.0532	-98.3121	-20.6171	-1.98442	-5.0269	-11.1079	-80.3773	-66.678	-38.8844	-94.4109	-174.386	-60.4893	-60.4549	-60.3569	-60.2103	-60.0373	-59.8644	-59.7178	-59.6198	-59.5855	-59.6198	-59.7178	-59.8644	-60.0373	-60.2103	-60.3569	-60.4549	0.0673549	-0.214643	-0.163921	-0.101498	-3.68816e-05	0.100061	0.174826	0.172703	0.138253	0.151244	0.129947	0.0998522	0.013635	-0.0656955	-0.174177	-0.23554	-0.226175	-0.198001	-0.135755	-0.067197	-0.00015203	0.0668827	0.135411	0.197617	0.22577	0.197617	0.135411	0.0668827	-0.00015203	-0.067197	-0.135755	-0.198001	0	1	0	
-95.4459	0	-173.661	-218.91	-166.125	-167.541	-189.212	-131.021	-100.505	-92.3511	-86.8815	-206.09	-221.484	-168.175	-186.543	-263.682	-166.839	-166.859	-166.805	-166.684	-166.516	-166.325	-166.142	-165.993	-165.902	-165.882	-165.936	-166.056	-166.225	-166.415	-166.599	-166.748	-0.214643	0.0673549	-0.233768	-0.189095	-0.0969464	0.00854703	0.104801	0.169222	0.21812	0.237721	0.212963	0.186913	0.110476	0.0105075	-0.104065	-0.194178	-0.234443	-0.252162	-0.218347	-0.162298	-0.0971375	-0.0232409	0.0628848	0.158141	0.234276	0.252003	0.218205	0.162168	0.0970122	0.0231114	-0.0630266	-0.158299	0	0.92388	0.382683	
50.9137	161.701	0	-40.9403	5.03173	23.1412	7.21332	21.4496	47.7368	62.4953	79.2677	-28.5899	-69.9099	-13.7264	7.08236	-33.1316	4.81802	4.76983	4.76352	4.80016	4.87429	4.97465	5.08591	5.19104	5.27392	5.32191	5.32772	5.29058	5.21624	5.11609	5.00532	4.9007	-0.163921	-0.233768	0.0673549	-0.199232	-0.114227	-0.0873444	-0.00519149	0.0867278	0.162332	0.211686	0.23358	0.192057	0.169254	0.0811963	0.005763	-0.0900176	-0.112324	-0.153324	-0.158194	-0.141402	-0.112753	-0.0737715	-0.0214397	0.0461591	0.115547	0.156379	0.160928	0.143901	0.115169	0.0762657	0.0241667	-0.0431106	0	0.707107	0.707107	
83.363	187.296	45.4535	0	53.2065	91.4076	75.1804	55.8495	81.5632	104.806	131.492	9.53957	-39.3706	14.1303	72.8753	60.4653	53.769	53.6637	53.6004	53.5887	53.6305	53.7194	53.8418	53.9792	54.1105	54.2158	54.2791	54.2906	54.2488	54.16	54.0376	53.9003	-0.101498	-0.189095	-0.199232	0.0673549	-0.203905	-0.17395	-0.099619	0.0148313	0.101214	0.176745	0.230096	0.177545	0.198377	0.125623	0.0989565	0.0131485	-0.0851505	-0.174167	-0.215923	-0.221986	-0.205943	-0.17133	-0.113475	-0.0247006	0.0855951	0.174588	0.2163	0.222331	0.206276	0.171674	0.113852	0.0251218	0	0.382683	0.92388	
0.070943	63.6421	-3.53423	-49.1463	0	37.5702	29.9136	-14.0162	0.0702376	22.3713	49.7671	-36.5296	-111.147	-51.3529	26.1762	41.5465	0.0137529	-0.00735755	-0.0207996	-0.0237706	-0.0222826	-0.0237706	-0.0207996	-0.00735755	0.0137529	0.0360098	0.0532779	0.0627152	0.065391	0.0627152	0.0532779	0.0360098	-3.68816e-05	-0.0969464	-0.114227	-0.203905	0.0673549	-0.197269	-0.1536	-0.0812788	3.9242e-05	0.086149	0.162907	0.198323	0.242757	0.206755	0.150713	0.0925586	0.00550351	-0.0201911	-0.0361978	-0.0457806	-0.050863	-0.0457806	-0.0361978	-0.0201911	0.00550351	0.0326974	0.0518857	0.0626837	0.0663332	0.0626837	0.0518857	0.0326974	0	6.12323e-17	1	
-70.1701	-49.8857	-44.3204	-87.8404	-40.6552	0	-1.99024	-74.3834	-68.2501	-44.7697	-17.301	-76.3657	-157.167	-107.825	-5.42458	28.552	-40.9404	-41.0674	-41.2002	-41.3185	-41.4045	-41.445	-41.4337	-41.3726	-41.2707	-41.1437	-41.0108	-40.8923	-40.8063	-40.7659	-40.7772	-40.8385	0.100061	0.00854703	-0.0873444	-0.17395	-0.197269	0.0673549	-0.140366	-0.170265	-0.0996563	-0.0149462	0.0691067	0.170505	0.234787	0.241931	0.143087	0.153344	0.082305	-0.024364	-0.110191	-0.166121	-0.199592	-0.215124	-0.209295	-0.16895	-0.0828662	0.0238322	0.109715	0.165686	0.199171	0.214689	0.208819	0.168419	0	-0.382683	0.92388	
-93.3178	-116.321	-42.187	-68.3504	-42.2564	-3.25226	0	-83.8118	-90.344	-70.3019	-46.4438	-61.9635	-132.169	-103.803	-2.75457	48.566	-41.7252	-41.8363	-41.9771	-42.1261	-42.2606	-42.3603	-42.4099	-42.4018	-42.3373	-42.2261	-42.0853	-41.9362	-41.8016	-41.702	-41.6525	-41.6606	0.174826	0.104801	-0.00519149	-0.099619	-0.1536	-0.140366	0.0673549	-0.216839	-0.174504	-0.09998	-0.0142174	0.0981744	0.181913	0.224147	0.146249	0.204142	0.152745	0.0597096	-0.0308381	-0.100948	-0.153227	-0.191742	-0.214463	-0.208189	-0.153295	-0.0602313	0.0303708	0.100521	0.152814	0.191316	0.213996	0.207667	0	-0.707107	0.707107	
-13.9724	-70.6443	40.1112	40.3243	36.7731	73.2108	83.4425	0	-10.6775	-1.77169	13.367	39.328	0.368803	-0.254519	79.1342	158.775	37.2727	37.1959	37.0709	36.9168	36.7569	36.6157	36.5146	36.469	36.4858	36.5625	36.6874	36.8415	37.0013	37.1426	37.2438	37.2895	0.172703	0.169222	0.0867278	0.0148313	-0.0812788	-0.170265	-0.216839	0.0673549	-0.164983	-0.131075	-0.0700308	-0.0155952	0.0797842	0.12886	0.217235	0.252495	0.197013	0.13309	0.0531011	-0.019214	-0.0812468	-0.135928	-0.182944	-0.211289	-0.196397	-0.132506	-0.0525786	0.0196914	0.0817086	0.136405	0.183467	0.211873	0	-0.92388	0.382683	
-1.98442	-83.974	62.1342	82.6688	55.933	76.7185	94.1898	16.8669	0	1.93234	7.60751	76.0453	62.5301	35.0899	89.7606	171.419	56.3125	56.2784	56.1812	56.0358	55.8643	55.6929	55.5476	55.4505	55.4164	55.4505	55.5476	55.6929	55.8643	56.0358	56.1812	56.2784	0.138253	0.21812	0.162332	0.101214	3.9242e-05	-0.0996563	-0.174504	-0.164983	0.0673549	-0.148518	-0.130921	-0.0994512	-0.0132092	0.0653094	0.172971	0.23692	0.22425	0.196317	0.134603	0.0666319	0.000161759	-0.0662975	-0.134237	-0.195908	-0.223818	-0.195908	-0.134237	-0.0662975	0.000161759	0.0666319	0.134603	0.196317	0	-1	1.22465e-16	
2.6161	-92.3511	66.4301	106.022	58.3017	60.4487	79.6539	28.9027	5.33814	0	-4.24053	94.8574	110.384	61.4689	77.3443	148.187	58.7389	58.7566	58.7083	58.6013	58.4519	58.2829	58.1199	57.9878	57.9066	57.8888	57.9371	58.044	58.1934	58.3625	58.5255	58.6577	0.151244	0.237721	0.211686	0.176745	0.086149	-0.0149462	-0.09998	-0.131075	-0.148518	0.0673549	-0.157562	-0.174458	-0.104757	-0.0156128	0.0993035	0.183968	0.208258	0.223981	0.193949	0.144182	0.0863331	0.0207356	-0.0557117	-0.140261	-0.207843	-0.223587	-0.193596	-0.14386	-0.0860214	-0.0204134	0.0560644	0.140655	0	-0.92388	-0.382683	
25.5182	-69.6239	79.2677	132.675	70.3301	52.8471	72.2137	54.1634	28.0222	12.5567	0	116.547	163.684	98.0807	71.8813	121.723	70.5466	70.6153	70.6239	70.5712	70.4651	70.322	70.1635	70.0137	69.8955	69.8268	69.8182	69.8708	69.9768	70.12	70.2786	70.4284	0.129947	0.212963	0.23358	0.230096	0.162907	0.0691067	-0.0142174	-0.0700308	-0.130921	-0.157562	0.0673549	-0.224884	-0.186155	-0.102432	0.0135073	0.105836	0.162951	0.22135	0.228035	0.203875	0.162907	0.107293	0.0327053	-0.0636259	-0.162597	-0.221014	-0.227734	-0.2036	-0.162642	-0.107018	-0.0324048	0.0639615	0	-0.707107	-0.707107	
-68.6554	-170.434	-32.04	9.53957	-39.5499	-75.9629	-60.5991	-41.8372	-66.7406	-89.6638	-114.347	0	52.6604	-2.11059	-58.196	-46.1082	-39.4851	-39.3837	-39.3227	-39.3114	-39.3517	-39.4373	-39.5552	-39.6875	-39.814	-39.9154	-39.9763	-39.9874	-39.9472	-39.8616	-39.7437	-39.6116	0.0998522	0.186913	0.192057	0.177545	0.198323	0.170505	0.0981744	-0.0155952	-0.0994512	-0.174458	-0.224884	0.0673549	-0.204559	-0.127996	-0.0974286	-0.0111501	0.0819274	0.167657	0.207878	0.213723	0.198274	0.164938	0.109216	0.0237163	-0.0825062	-0.168206	-0.208369	-0.214171	-0.198708	-0.165387	-0.109707	-0.0242647	0	-0.382683	-0.92388	
-113.725	-189.488	-104.629	-51.1877	-111.147	-162.285	-151.488	-93.5617	-113.476	-140.948	-175.12	-63.6788	0	-49.05	-147.546	-163.782	-111.172	-111.033	-110.915	-110.836	-110.808	-110.836	-110.915	-111.033	-111.172	-111.311	-111.429	-111.508	-111.536	-111.508	-111.429	-111.311	0.013635	0.110476	0.169254	0.198377	0.242757	0.234787	0.181913	0.0797842	-0.0132092	-0.104757	-0.186155	-0.204559	0.0673549	-0.195192	-0.181503	-0.108315	-0.00011885	0.117201	0.194025	0.231641	0.242568	0.231641	0.194025	0.117201	-0.00011885	-0.117426	-0.194227	-0.231825	-0.242747	-0.231825	-0.194227	-0.117426	0	-1.83697e-16	-1	
-33.6497	-64.9925	-52.4173	-16.6147	-55.5951	-107.825	-104.796	-26.4885	-34.8995	-59.088	-89.7366	-24.9107	37.2928	0	-98.3863	-145.709	-55.8783	-55.7465	-55.6086	-55.4857	-55.3965	-55.3545	-55.3662	-55.4298	-55.5355	-55.6673	-55.8051	-55.928	-56.0172	-56.0592	-56.0476	-55.9841	-0.0656955	0.0105075	0.0811963	0.125623	0.206755	0.241931	0.224147	0.12886	0.0653094	-0.0156128	-0.102432	-0.127996	-0.195192	0.0673549	-0.220716	-0.184045	-0.0859207	0.0248031	0.113921	0.172001	0.206748	0.222854	0.216768	0.17485	0.0854883	-0.0252128	-0.114288	-0.172336	-0.207072	-0.223189	-0.217135	-0.175259	0	0.382683	-0.92388	
87.9693	110.542	37.0504	63.083	36.9719	-0.419424	-2.75457	79.1349	84.4993	65.0214	41.3519	56.6169	126.707	97.0348	0	-53.142	36.5876	36.6969	36.8354	36.982	37.1144	37.2124	37.2612	37.2533	37.1898	37.0804	36.9418	36.7951	36.6627	36.5647	36.516	36.524	-0.174177	-0.104065	0.005763	0.0989565	0.150713	0.143087	0.146249	0.217235	0.172971	0.0993035	0.0135073	-0.0974286	-0.181503	-0.220716	0.0673549	-0.20487	-0.150248	-0.0587128	0.0303728	0.0993505	0.150787	0.188683	0.211041	0.204871	0.150863	0.0592961	-0.0298505	-0.0988733	-0.150325	-0.188206	-0.210518	-0.204288	0	0.707107	-0.707107	
177.88	247.473	104.716	110.673	108.395	72.2281	59.601	158.775	175.253	162.157	143.815	109.877	162.211	160.451	63.7994	0	108.004	108.091	108.233	108.408	108.59	108.75	108.865	108.917	108.898	108.811	108.669	108.494	108.312	108.152	108.037	107.985	-0.23554	-0.194178	-0.0900176	0.0131485	0.0925586	0.153344	0.204142	0.252495	0.23692	0.183968	0.105836	-0.0111501	-0.108315	-0.184045	-0.20487	0.0673549	-0.223442	-0.150816	-0.0599524	0.0222026	0.0926939	0.154853	0.208323	0.240585	0.223684	0.151046	0.0601585	-0.0220143	-0.0925117	-0.154665	-0.208117	-0.240355	0	0.92388	-0.382683	
60.4893	154.204	-3.27803	-20.2492	0.0755894	-15.3523	-29.3192	34.4887	56.3125	54.3245	50.0831	-14.7971	0.422816	21.7128	-25.6899	-99.721	0	-0.000457065	0.0131052	0.0426882	0.0889927	0.140312	0.18976	0.222986	0.236271	0.222986	0.18976	0.140312	0.0889927	0.0426882	0.0131052	-0.000457065	-0.226175	-0.234443	-0.112324	-0.0851505	0.00550351	0.082305	0.152745	0.197013	0.22425	0.208258	0.162951	0.0819274	-0.00011885	-0.0859207	-0.150248	-0.223442	0.0546841	0.00457391	-0.00722553	0.000462439	0.015	0.0344165	0.0575302	0.0796942	0.0903178	0.0796942	0.0575302	0.0344165	0.015	0.000462439	-0.00722553	0.00457391	0	1	0	
52.9745	165.811	-4.55092	-41.7679	0.0601888	4.93905	-11.2895	23.376	49.318	58.3853	67.8992	-30.6138	-53.3373	-5.85581	-9.871	-67.2156	-0.000433067	0	-1.38632e-05	0.0143305	0.044379	0.0896688	0.138196	0.183143	0.211278	0.219944	0.203971	0.170665	0.124137	0.0777873	0.0370472	0.0114816	-0.198001	-0.252162	-0.153324	-0.174167	-0.0201911	-0.024364	0.0597096	0.13309	0.196317	0.223981	0.22135	0.167657	0.117201	0.0248031	-0.0587128	-0.150816	0.00457391	0.0529987	0.00145852	-0.0143229	-0.0104163	0.00270501	0.0249663	0.0540955	0.0796942	0.0880083	0.0789647	0.0631368	0.0449144	0.0266089	0.009005	-0.0037125	0	0.87537	0.483454	
36.3795	143.581	-4.72019	-51.8806	0.0419692	21.2633	6.25716	9.46819	33.8724	50.5604	69.907	-38.0514	-88.5524	-28.0483	5.52397	-26.551	0.0111201	-1.24152e-05	0	0.000421811	0.0142366	0.0418434	0.0820587	0.123762	0.161016	0.182666	0.187391	0.171691	0.142852	0.104352	0.0668021	0.0331776	-0.135755	-0.218347	-0.158194	-0.215923	-0.0361978	-0.110191	-0.0308381	0.0531011	0.134603	0.193949	0.228035	0.207878	0.194025	0.113921	0.0303728	-0.0599524	-0.00722553	0.00145852	0.0495513	-0.0021713	-0.0198017	-0.0169523	-0.002289	0.0249663	0.0575302	0.0789647	0.0840107	0.0778847	0.0665393	0.0505983	0.0310218	0.009005	0	0.6	0.8	
18.1206	106.771	-4.22211	-53.3677	0.027982	31.9099	19.8587	-3.0882	16.8796	37.6255	62.4998	-39.15	-105.798	-42.5024	17.4595	10.2347	0.0330939	0.0117253	0.000385382	0	0.000621943	0.013477	0.0382297	0.0733677	0.108776	0.139639	0.156863	0.160517	0.148194	0.126054	0.0953395	0.0636461	-0.067197	-0.162298	-0.141402	-0.221986	-0.0457806	-0.166121	-0.100948	-0.019214	0.0666319	0.144182	0.203875	0.213723	0.231641	0.172001	0.0993505	0.0222026	0.000462439	-0.0143229	-0.0021713	0.0467287	-0.00432912	-0.0217021	-0.0169523	0.00270501	0.0344165	0.0631368	0.0778847	0.0817383	0.0776228	0.0677401	0.0505983	0.0266089	0	0.296674	0.954979	
0.292085	64.0077	-3.34981	-49.506	0.0222826	38.2933	30.0218	-13.8338	0.289177	22.617	49.9757	-36.3159	-110.808	-51.1374	26.3802	41.8254	0.0667446	0.0351287	0.0125835	0.000601689	0	0.000601689	0.0125835	0.0351287	0.0667446	0.0982622	0.126264	0.143368	0.150233	0.143368	0.126264	0.0982622	-0.00015203	-0.0971375	-0.112753	-0.205943	-0.050863	-0.199592	-0.153227	-0.0812468	0.000161759	0.0863331	0.162907	0.198274	0.242568	0.206748	0.150787	0.0926939	0.015	-0.0104163	-0.0198017	-0.00432912	0.0456941	-0.00432912	-0.0198017	-0.0104163	0.015	0.0449144	0.0665393	0.0776228	0.0813278	0.0776228	0.0665393	0.0449144	0	4.59243e-17	1	
-17.5026	15.5445	-2.14114	-41.1452	0.027982	41.2686	37.5289	-23.2796	-16.2676	5.62875	33.0022	-30.1724	-105.798	-55.1261	32.9721	69.7109	0.108776	0.0733677	0.0382297	0.013477	0.000621943	0	0.000385382	0.0117253	0.0330939	0.0636461	0.0953395	0.126054	0.148194	0.160517	0.156863	0.139639	0.0668827	-0.0232409	-0.0737715	-0.17133	-0.0457806	-0.215124	-0.191742	-0.135928	-0.0662975	0.0207356	0.107293	0.164938	0.231641	0.222854	0.188683	0.154853	0.0344165	0.00270501	-0.0169523	-0.0217021	-0.00432912	0.0467287	-0.0021713	-0.0143229	0.000462439	0.0266089	0.0505983	0.0677401	0.0776228	0.0817383	0.0778847	0.0631368	0	-0.296674	0.954979	
-35.6656	-40.9056	-0.493707	-27.1495	0.0419692	40.1787	41.9771	-31.3793	-33.1651	-14.1386	10.2672	-19.8827	-88.5524	-53.591	36.8803	93.7231	0.161016	0.123762	0.0820587	0.0418434	0.0142366	0.000421811	0	-1.24152e-05	0.0111201	0.0331776	0.0668021	0.104352	0.142852	0.171691	0.187391	0.182666	0.135411	0.0628848	-0.0214397	-0.113475	-0.0361978	-0.209295	-0.214463	-0.182944	-0.134237	-0.0557117	0.0327053	0.109216	0.194025	0.216768	0.211041	0.208323	0.0575302	0.0249663	-0.002289	-0.0169523	-0.0198017	-0.0021713	0.0495513	0.00145852	-0.00722553	0.009005	0.0310218	0.0505983	0.0665393	0.0778847	0.0840107	0.0789647	0	-0.6	0.8	
-52.1354	-103.319	1.65364	-5.66012	0.0601888	32.5099	40.7873	-36.2445	-48.4862	-35.9811	-19.0755	-4.08005	-53.3373	-43.1476	35.8396	108.232	0.211278	0.183143	0.138196	0.0896688	0.044379	0.0143305	-1.38632e-05	0	-0.000433067	0.0114816	0.0370472	0.0777873	0.124137	0.170665	0.203971	0.219944	0.197617	0.158141	0.0461591	-0.0247006	-0.0201911	-0.16895	-0.208189	-0.211289	-0.195908	-0.140261	-0.0636259	0.0237163	0.117201	0.17485	0.204871	0.240585	0.0796942	0.0540955	0.0249663	0.00270501	-0.0104163	-0.0143229	0.00145852	0.0529987	0.00457391	-0.0037125	0.009005	0.0266089	0.0449144	0.0631368	0.0789647	0.0880083	0	-0.87537	0.483454	
-59.5855	-153.208	3.86032	21.0348	0.0755894	16.1089	30.1223	-33.6554	-55.4164	-53.442	-49.2248	15.5498	0.422816	-20.9237	26.479	100.671	0.236271	0.222986	0.18976	0.140312	0.0889927	0.0426882	0.0131052	-0.000457065	0	-0.000457065	0.0131052	0.0426882	0.0889927	0.140312	0.18976	0.222986	0.22577	0.234276	0.115547	0.0855951	0.00550351	-0.0828662	-0.153295	-0.196397	-0.223818	-0.207843	-0.162597	-0.0825062	-0.00011885	0.0854883	0.150863	0.223684	0.0903178	0.0796942	0.0575302	0.0344165	0.015	0.000462439	-0.00722553	0.00457391	0.0546841	0.00457391	-0.00722553	0.000462439	0.015	0.0344165	0.0575302	0.0796942	0	-1	1.63286e-16	
-52.1354	-164.849	5.14624	42.5555	0.0795097	-4.2408	12.0068	-22.6295	-48.4862	-57.5306	-67.0423	31.3701	54.1559	6.58494	10.5751	68.0723	0.211278	0.219944	0.203971	0.170665	0.124137	0.0777873	0.0370472	0.0114816	-0.000433067	0	-1.38632e-05	0.0143305	0.044379	0.0896688	0.138196	0.183143	0.197617	0.252003	0.156379	0.174588	0.0326974	0.0238322	-0.0602313	-0.132506	-0.195908	-0.223587	-0.221014	-0.168206	-0.117426	-0.0252128	0.0592961	0.151046	0.0796942	0.0880083	0.0789647	0.0631368	0.0449144	0.0266089	0.009005	-0.0037125	0.00457391	0.0529987	0.00145852	-0.0143229	-0.0104163	0.00270501	0.0249663	0.0540955	0	-0.87537	-0.483454	
-35.6656	-142.734	5.26953	52.6238	0.0743573	-20.6229	-5.63093	-8.83764	-33.1651	-49.8101	-69.1235	38.7667	89.323	28.7164	-4.90957	27.2802	0.161016	0.182666	0.187391	0.171691	0.142852	0.104352	0.0668021	0.0331776	0.0111201	-1.24152e-05	0	0.000421811	0.0142366	0.0418434	0.0820587	0.123762	0.135411	0.218205	0.160928	0.2163	0.0518857	0.109715	0.0303708	-0.0525786	-0.134237	-0.193596	-0.227734	-0.208369	-0.194227	-0.114288	-0.0298505	0.0601585	0.0575302	0.0789647	0.0840107	0.0778847	0.0665393	0.0505983	0.0310218	0.009005	-0.00722553	0.00145852	0.0495513	-0.0021713	-0.0198017	-0.0169523	-0.002289	0.0249663	0	-0.6	-0.8	
-17.5026	-106.032	4.70922	54.0605	0.0680304	-31.2902	-19.2718	3.65053	-16.2676	-36.9747	-61.7987	39.8172	106.536	43.1474	-16.8834	-9.58223	0.108776	0.139639	0.156863	0.160517	0.148194	0.126054	0.0953395	0.0636461	0.0330939	0.0117253	0.000385382	0	0.000621943	0.013477	0.0382297	0.0733677	0.0668827	0.162168	0.143901	0.222331	0.0626837	0.165686	0.100521	0.0196914	-0.0662975	-0.14386	-0.2036	-0.214171	-0.231825	-0.172336	-0.0988733	-0.0220143	0.0344165	0.0631368	0.0778847	0.0817383	0.0776228	0.0677401	0.0505983	0.0266089	0.000462439	-0.0143229	-0.0021713	0.0467287	-0.00432912	-0.0217021	-0.0169523	0.00270501	0	-0.296674	-0.954979	
0.292085	-63.3267	3.78655	50.1615	0.065391	-37.6596	-29.4194	14.3925	0.289177	-22.0214	-49.3319	36.9467	111.536	51.7955	-25.7883	-41.1795	0.0667446	0.0982622	0.126264	0.143368	0.150233	0.143368	0.126264	0.0982622	0.0667446	0.0351287	0.0125835	0.000601689	0	0.000601689	0.0125835	0.0351287	-0.00015203	0.0970122	0.115169	0.206276	0.0663332	0.199171	0.152814	0.0817086	0.000161759	-0.0860214	-0.162642	-0.198708	-0.242747	-0.207072	-0.150325	-0.0925117	0.015	0.0449144	0.0665393	0.0776228	0.0813278	0.0776228	0.0665393	0.0449144	0.015	-0.0104163	-0.0198017	-0.00432912	0.0456941	-0.00432912	-0.0198017	-0.0104163	0	-1.37773e-16	-1	
18.1206	-14.8558	2.55696	41.7876	0.0680304	-40.5984	-36.8706	23.8924	16.8796	-5.02834	-32.3725	30.7891	106.536	55.8216	-32.3246	-69.008	0.0330939	0.0636461	0.0953395	0.126054	0.148194	0.160517	0.156863	0.139639	0.108776	0.0733677	0.0382297	0.013477	0.000621943	0	0.000385382	0.0117253	-0.067197	0.0231114	0.0762657	0.171674	0.0626837	0.214689	0.191316	0.136405	0.0666319	-0.0204134	-0.107018	-0.165387	-0.231825	-0.223189	-0.188206	-0.154665	0.000462439	0.0266089	0.0505983	0.0677401	0.0776228	0.0817383	0.0778847	0.0631368	0.0344165	0.00270501	-0.0169523	-0.0217021	-0.00432912	0.0467287	-0.0021713	-0.0143229	0	0.296674	-0.954979	
36.3795	41.6744	0.932713	27.8146	0.0743573	-39.4602	-41.2404	32.088	33.8724	14.8108	-9.59419	20.5198	89.323	54.3371	-36.1554	-92.9157	0.0111201	0.0331776	0.0668021	0.104352	0.142852	0.171691	0.187391	0.182666	0.161016	0.123762	0.0820587	0.0418434	0.0142366	0.000421811	0	-1.24152e-05	-0.135755	-0.0630266	0.0241667	0.113852	0.0518857	0.208819	0.213996	0.183467	0.134603	0.0560644	-0.0324048	-0.109707	-0.194227	-0.217135	-0.210518	-0.208117	-0.00722553	0.009005	0.0310218	0.0505983	0.0665393	0.0778847	0.0840107	0.0789647	0.0575302	0.0249663	-0.002289	-0.0169523	-0.0198017	-0.0021713	0.0495513	0.00145852	0	0.6	-0.8	
52.9745	104.22	-1.14543	6.38597	0.0795097	-31.75	-39.9828	37.0527	49.318	36.7741	19.8451	4.77464	54.1559	43.9384	-35.0482	-107.314	-0.000433067	0.0114816	0.0370472	0.0777873	0.124137	0.170665	0.203971	0.219944	0.211278	0.183143	0.138196	0.0896688	0.044379	0.0143305	-1.38632e-05	0	-0.198001	-0.158299	-0.0431106	0.0251218	0.0326974	0.168419	0.207667	0.211873	0.196317	0.140655	0.0639615	-0.0242647	-0.117426	-0.175259	-0.204288	-0.240355	0.00457391	-0.0037125	0.009005	0.0266089	0.0449144	0.0631368	0.0789647	0.0880083	0.0796942	0.0540955	0.0249663	0.00270501	-0.0104163	-0.0143229	0.00145852	0.0529987	0	0.87537	-0.483454	
0.3105	0.351494	0.210011	0.303614	0.0747242	0.292655	0.294294	0.290675	0.307611	0.308954	0.315489	0.291204	0.332737	0.305188	0.28903	0.333676	-0.0664012	0.0112851	0.0497641	0.0685888	0.0839611	0.093721	0.101262	0.104986	0.106714	0.104986	0.101262	0.093721	0.0839611	0.0685888	0.0497641	0.0112851	-0.000151053	-6.24973e-05	0.00126729	0.00016742	0.00146405	-0.000211584	-0.000208215	0.000228618	0.000160654	0.000154831	0.000132097	-0.000218244	-8.91366e-05	-0.000161476	0.000233005	9.1444e-05	0.00694444	0.00652361	0.00591599	0.00585935	0.00645	0.00758622	0.00917326	0.0108823	0.0117188	0.0108823	0.00917326	0.00758622	0.00645	0.00585935	0.00591599	0.00652361	0	0	0	
0.309899	0.35183	0.210729	0.304688	0.0702687	0.292465	0.293354	0.289446	0.30701	0.309295	0.316574	0.292254	0.333259	0.304745	0.288104	0.332551	0.0112683	-0.063873	0.0156027	0.0547725	0.0733272	0.0877961	0.0963094	0.102451	0.104737	0.10506	0.10203	0.0971992	0.088904	0.07898	0.064319	0.0472359	-0.000151048	-6.25069e-05	0.00126853	0.000167738	-0.00873545	-0.000210472	-0.000207577	0.000228764	0.000160649	0.00015489	0.000132104	-0.000218789	-8.93232e-05	-0.000162126	0.000232205	9.14187e-05	0.00825015	0.00590699	0.00411187	0.00348898	0.0038537	0.0050057	0.00689947	0.00937332	0.0115295	0.0121862	0.011649	0.01086	0.0102564	0.00996084	0.00992323	0.00965558	0	0	0	
0.308828	0.351203	0.210848	0.305464	0.0623794	0.293221	0.293363	0.288492	0.305934	0.30865	0.316716	0.293017	0.334227	0.30525	0.288131	0.331792	0.0496014	0.0155785	-0.0587019	0.0206017	0.058868	0.076099	0.0890506	0.0959987	0.100627	0.101538	0.100733	0.0969739	0.0920281	0.0844694	0.0762618	0.0640835	-0.000151171	-6.25129e-05	0.00126388	0.000167709	-0.0203151	-0.000209565	-0.000206553	0.000229589	0.000160787	0.000154927	0.000132159	-0.000218741	-8.93954e-05	-0.000162677	0.000230924	9.12854e-05	0.0102567	0.006834	0.00424264	0.00306196	0.00301908	0.0038965	0.00570105	0.00841441	0.0112896	0.0129739	0.0133932	0.0133552	0.013319	0.0134057	0.013435	0.0126826	0	0	0	
0.308052	0.350351	0.210621	0.305591	0.0527233	0.294156	0.294002	0.28818	0.305152	0.307758	0.3162	0.293143	0.334879	0.305987	0.288788	0.331731	0.0681498	0.0546342	0.0205887	-0.054468	0.0235873	0.0603587	0.0760062	0.0874019	0.0929279	0.096393	0.0965658	0.0956552	0.0926279	0.0893287	0.0841162	0.0783911	-0.000151524	-6.25361e-05	0.00126089	0.000167648	-0.0340173	-0.000209151	-0.000205705	0.000230788	0.000161186	0.000155069	0.00013219	-0.000218637	-8.93988e-05	-0.000162939	0.000229865	9.10967e-05	0.0112456	0.00755243	0.00469746	0.00323561	0.00291741	0.00356138	0.00523119	0.00801704	0.0112869	0.0135834	0.0145578	0.0148938	0.0150633	0.0152033	0.0150855	0.0140075	0	0	0	
0.30771	0.349657	0.210461	0.305276	0.0475313	0.294883	0.294832	0.288341	0.304803	0.307002	0.31544	0.292836	0.335089	0.306582	0.289632	0.332146	0.0832648	0.0730297	0.0588067	0.0235836	-0.0529161	0.0235836	0.0588067	0.0730297	0.0832648	0.0880777	0.0914946	0.0924689	0.0932285	0.0924689	0.0914946	0.0880777	-0.000152027	-6.25911e-05	0.00125223	0.000167623	-0.041259	-0.000209037	-0.000205211	0.000231916	0.000161756	0.000155405	0.000132274	-0.000218594	-8.93938e-05	-0.000163014	0.00022925	9.09236e-05	0.0114	0.00784413	0.0049926	0.00341433	0.00292969	0.00341433	0.0049926	0.00784413	0.0114	0.0140629	0.0152441	0.0155778	0.015625	0.0155778	0.0152441	0.0140629	0	0	0	
0.307806	0.349264	0.210532	0.304682	0.0527233	0.295261	0.295623	0.28884	0.304891	0.306536	0.314654	0.292261	0.334879	0.306898	0.290433	0.332859	0.0929279	0.0874019	0.0760062	0.0603587	0.0235873	-0.054468	0.0205887	0.0546342	0.0681498	0.0783911	0.0841162	0.0893287	0.0926279	0.0956552	0.0965658	0.096393	-0.000152536	-6.26731e-05	0.00123208	0.000167543	-0.0340173	-0.000208999	-0.000205011	0.000232686	0.000162333	0.000155911	0.00013248	-0.000218457	-8.93988e-05	-0.000163038	0.000229001	9.08078e-05	0.0112869	0.00801704	0.00523119	0.00356138	0.00291741	0.00323561	0.00469746	0.00755243	0.0112456	0.0140075	0.0150855	0.0152033	0.0150633	0.0148938	0.0145578	0.0135834	0	0	0	
0.308382	0.349348	0.210939	0.303948	0.0623794	0.295123	0.296154	0.28956	0.305459	0.306547	0.314068	0.291554	0.334227	0.306771	0.290969	0.333724	0.100627	0.0959987	0.0890506	0.076099	0.058868	0.0206017	-0.0587019	0.0155785	0.0496014	0.0640835	0.0762618	0.0844694	0.0920281	0.0969739	0.100733	0.101538	-0.000152901	-6.27624e-05	0.001201	0.000167266	-0.0203151	-0.000208902	-0.000204935	0.000233016	0.000162745	0.000156465	0.000132833	-0.000217984	-8.93954e-05	-0.000163096	0.000228907	9.0759e-05	0.0112896	0.00841441	0.00570105	0.0038965	0.00301908	0.00306196	0.00424264	0.006834	0.0102567	0.0126826	0.013435	0.0134057	0.013319	0.0133552	0.0133932	0.0129739	0	0	0	
0.30933	0.350124	0.211939	0.303446	0.0702687	0.294261	0.296011	0.29013	0.306403	0.307265	0.314113	0.291086	0.333259	0.305994	0.290827	0.334355	0.104737	0.102451	0.0963094	0.0877961	0.0733272	0.0547725	0.0156027	-0.063873	0.0112683	0.0472359	0.064319	0.07898	0.088904	0.0971992	0.10203	0.10506	-0.00015303	-6.28253e-05	0.00116788	0.000166683	-0.00873545	-0.000208843	-0.000204804	0.000233101	0.000162892	0.000156858	0.000133255	-0.000216992	-8.93232e-05	-0.000163124	0.000228742	9.07463e-05	0.0115295	0.00937332	0.00689947	0.0050057	0.0038537	0.00348898	0.00411187	0.00590699	0.00825015	0.00965558	0.00992323	0.00996084	0.0102564	0.01086	0.011649	0.0121862	0	0	0	
0.309891	0.351258	0.213605	0.303892	0.0747242	0.293006	0.294909	0.289808	0.306964	0.308369	0.315093	0.291567	0.332737	0.304918	0.289718	0.334018	0.106714	0.104986	0.101262	0.093721	0.0839611	0.0685888	0.0497641	0.0112851	-0.0664012	0.0112851	0.0497641	0.0685888	0.0839611	0.093721	0.101262	0.104986	-0.000153026	-6.28371e-05	0.00115018	0.000165996	0.00146405	-0.000209315	-0.000204784	0.000233232	0.000162887	0.000156934	0.000133516	-0.000215831	-8.91366e-05	-0.000162823	0.000228717	9.0726e-05	0.0117188	0.0108823	0.00917326	0.00758622	0.00645	0.00585935	0.00591599	0.00652361	0.00694444	0.00652361	0.00591599	0.00585935	0.00645	0.00758622	0.00917326	0.0108823	0	0	0	
0.30933	0.351589	0.214928	0.305127	0.0756992	0.29253	0.293746	0.288729	0.306403	0.308694	0.316112	0.292825	0.333377	0.304695	0.288542	0.332833	0.104737	0.10506	0.10203	0.0971992	0.088904	0.07898	0.064319	0.0472359	0.0112683	-0.063873	0.0156027	0.0547725	0.0733272	0.0877961	0.0963094	0.102451	-0.00015303	-6.28275e-05	0.00115184	0.000165698	0.0107077	-0.000210407	-0.000205386	0.000233062	0.000162892	0.000156874	0.000133513	-0.00021533	-8.89519e-05	-0.000162164	0.000229466	9.07498e-05	0.0115295	0.0121862	0.011649	0.01086	0.0102564	0.00996084	0.00992323	0.00965558	0.00825015	0.00590699	0.00411187	0.00348898	0.0038537	0.0050057	0.00689947	0.00937332	0	0	0	
0.308382	0.350986	0.215069	0.305979	0.0741645	0.293003	0.293455	0.288058	0.305459	0.30811	0.316252	0.293688	0.334429	0.305418	0.288234	0.331964	0.100627	0.101538	0.100733	0.0969739	0.0920281	0.0844694	0.0762618	0.0640835	0.0496014	0.0155785	-0.0587019	0.0206017	0.058868	0.076099	0.0890506	0.0959987	-0.000152901	-6.28214e-05	0.00115623	0.000165734	0.0180696	-0.000211339	-0.000206395	0.000232192	0.000162745	0.000156836	0.000133458	-0.000215393	-8.88824e-05	-0.000161624	0.000230727	9.08803e-05	0.0112896	0.0129739	0.0133932	0.0133552	0.013319	0.0134057	0.013435	0.0126826	0.0102567	0.006834	0.00424264	0.00306196	0.00301908	0.0038965	0.00570105	0.00841441	0	0	0	
0.307806	0.35019	0.214343	0.306115	0.0718462	0.293713	0.293793	0.288106	0.304891	0.307356	0.315791	0.293826	0.33513	0.306328	0.288554	0.33176	0.0929279	0.096393	0.0965658	0.0956552	0.0926279	0.0893287	0.0841162	0.0783911	0.0681498	0.0546342	0.0205887	-0.054468	0.0235873	0.0603587	0.0760062	0.0874019	-0.000152536	-6.27977e-05	0.00115858	0.000165795	0.0232103	-0.000211784	-0.000207263	0.000230973	0.000162333	0.000156687	0.000133426	-0.000215496	-8.888e-05	-0.000161376	0.000231812	9.10679e-05	0.0112869	0.0135834	0.0145578	0.0148938	0.0150633	0.0152033	0.0150855	0.0140075	0.0112456	0.00755243	0.00469746	0.00323561	0.00291741	0.00356138	0.00523119	0.00801704	0	0	0	
0.30771	0.349579	0.213158	0.305745	0.0707366	0.29429	0.294371	0.28863	0.304803	0.306807	0.315143	0.293447	0.335357	0.307038	0.289116	0.332032	0.0832648	0.0880777	0.0914946	0.0924689	0.0932285	0.0924689	0.0914946	0.0880777	0.0832648	0.0730297	0.0588067	0.0235836	-0.0529161	0.0235836	0.0588067	0.0730297	-0.000152027	-6.2742e-05	0.00116432	0.000165819	0.0251491	-0.000211912	-0.000207784	0.000229868	0.000161756	0.000156339	0.000133338	-0.000215536	-8.88852e-05	-0.000161308	0.000232465	9.12424e-05	0.0114	0.0140629	0.0152441	0.0155778	0.015625	0.0155778	0.0152441	0.0140629	0.0114	0.00784413	0.0049926	0.00341433	0.00292969	0.00341433	0.0049926	0.00784413	0	0	0	
0.308052	0.349285	0.21175	0.305033	0.0718462	0.294599	0.294987	0.289435	0.305152	0.306586	0.31452	0.292718	0.33513	0.307408	0.289722	0.332624	0.0681498	0.0783911	0.0841162	0.0893287	0.0926279	0.0956552	0.0965658	0.096393	0.0929279	0.0874019	0.0760062	0.0603587	0.0235873	-0.054468	0.0205887	0.0546342	-0.000151524	-6.26595e-05	0.00117906	0.000165891	0.0232103	-0.000211953	-0.000207998	0.000229135	0.000161186	0.000155827	0.000133125	-0.000215657	-8.888e-05	-0.000161285	0.000232734	9.13604e-05	0.0112456	0.0140075	0.0150855	0.0152033	0.0150633	0.0148938	0.0145578	0.0135834	0.0112869	0.00801704	0.00523119	0.00356138	0.00291741	0.00323561	0.00469746	0.00755243	0	0	0	
0.308828	0.349466	0.210399	0.304121	0.0741645	0.294473	0.295433	0.29036	0.305934	0.30684	0.314128	0.291779	0.334429	0.307272	0.290163	0.333408	0.0496014	0.0640835	0.0762618	0.0844694	0.0920281	0.0969739	0.100733	0.101538	0.100627	0.0959987	0.0890506	0.076099	0.058868	0.0206017	-0.0587019	0.0155785	-0.000151171	-6.25706e-05	0.0012063	0.000166153	0.0180696	-0.00021205	-0.000208077	0.000228828	0.000160787	0.000155279	0.000132767	-0.000216096	-8.88824e-05	-0.000161227	0.000232833	9.14106e-05	0.0102567	0.0126826	0.013435	0.0134057	0.013319	0.0133552	0.0133932	0.0129739	0.0112896	0.00841441	0.00570105	0.0038965	0.00301908	0.00306196	0.00424264	0.006834	0	0	0	
